130 13 91 92 1 0
53 92 131 132 1 0
132 15 93 94 1 0
55 94 133 134 1 0
134 17 95 96 1 0
57 96 135 136 1 0
136 19 97 98 1 0
59 98 137 138 1 0
138 21 99 100 1 0
61 100 139 140 1 0
140 23 101 102 1 0
63 102 141 142 1 0
142 25 103 104 1 0
65 104 143 144 1 0
144 27 105 106 1 0
67 106 145 146 1 0
146 29 107 108 1 0
69 108 147 148 1 0
148 31 109 110 1 0
71 110 149 150 1 0
150 33 111 112 1 0
73 112 151 152 1 0
152 35 113 114 1 0
75 114 153 154 1 0
154 37 115 116 1 0
77 116 155 156 1 0
156 39 117 118 1 0
79 118 157 158 1 0
158 41 119 120 1 0
81 120 159 160 1 0
160 43 121 122 1 0
83 122 161 162 1 0
162 45 123 124 1 0
85 124 163 164 1 0
164 47 125 126 1 0
87 126 165 166 1 0
166 49 127 128 1 0
89 128 167 168 1 0
168 51 129 8 1 0
9 12 11 286 2 0
286 169 247 248 2 0
209 248 287 288 2 0
288 171 249 250 2 0
211 250 289 290 2 0
290 173 251 252 2 0
213 252 291 292 2 0
292 175 253 254 2 0
215 254 293 294 2 0
294 177 255 256 2 0
217 256 295 296 2 0
296 179 257 258 2 0
219 258 297 298 2 0
298 181 259 260 2 0
221 260 299 300 2 0
300 183 261 262 2 0
223 262 301 302 2 0
302 185 263 264 2 0
225 264 303 304 2 0
304 187 265 266 2 0
227 266 305 306 2 0
306 189 267 268 2 0
229 268 307 308 2 0
308 191 269 270 2 0
231 270 309 310 2 0
310 193 271 272 2 0
233 272 311 312 2 0
312 195 273 274 2 0
235 274 313 314 2 0
314 197 275 276 2 0
237 276 315 316 2 0
316 199 277 278 2 0
239 278 317 318 2 0
318 201 279 280 2 0
241 280 319 320 2 0
320 203 281 282 2 0
243 282 321 322 2 0
322 205 283 284 2 0
245 284 323 324 2 0
324 207 285 4 2 0
130 131 53 92 1 0
53 132 54 15 1 0
132 133 55 94 1 0
55 134 56 17 1 0
134 135 57 96 1 0
57 136 58 19 1 0
136 137 59 98 1 0
59 138 60 21 1 0
138 139 61 100 1 0
61 140 62 23 1 0
140 141 63 102 1 0
63 142 64 25 1 0
142 143 65 104 1 0
65 144 66 27 1 0
144 145 67 106 1 0
67 146 68 29 1 0
146 147 69 108 1 0
69 148 70 31 1 0
148 149 71 110 1 0
71 150 72 33 1 0
150 151 73 112 1 0
73 152 74 35 1 0
152 153 75 114 1 0
75 154 76 37 1 0
154 155 77 116 1 0
77 156 78 39 1 0
156 157 79 118 1 0
79 158 80 41 1 0
158 159 81 120 1 0
81 160 82 43 1 0
160 161 83 122 1 0
83 162 84 45 1 0
162 163 85 124 1 0
85 164 86 47 1 0
164 165 87 126 1 0
87 166 88 49 1 0
166 167 89 128 1 0
89 168 90 51 1 0
168 7 5 8 1 0
9 286 208 169 2 0
286 287 209 248 2 0
209 288 210 171 2 0
288 289 211 250 2 0
211 290 212 173 2 0
290 291 213 252 2 0
213 292 214 175 2 0
292 293 215 254 2 0
215 294 216 177 2 0
294 295 217 256 2 0
217 296 218 179 2 0
296 297 219 258 2 0
219 298 220 181 2 0
298 299 221 260 2 0
221 300 222 183 2 0
300 301 223 262 2 0
223 302 224 185 2 0
302 303 225 264 2 0
225 304 226 187 2 0
304 305 227 266 2 0
227 306 228 189 2 0
306 307 229 268 2 0
229 308 230 191 2 0
308 309 231 270 2 0
231 310 232 193 2 0
310 311 233 272 2 0
233 312 234 195 2 0
312 313 235 274 2 0
235 314 236 197 2 0
314 315 237 276 2 0
237 316 238 199 2 0
316 317 239 278 2 0
239 318 240 201 2 0
318 319 241 280 2 0
241 320 242 203 2 0
320 321 243 282 2 0
243 322 244 205 2 0
322 323 245 284 2 0
245 324 246 207 2 0
324 3 2 4 2 0
2 4 3 130 1 0
2 130 52 13 1 0
2 1 4 13 1 0
4 91 130 13 1 0
2 4 130 13 1 0
52 13 130 53 1 0
13 92 53 14 1 0
130 53 13 92 1 0
53 14 92 15 1 0
92 93 132 15 1 0
53 92 132 15 1 0
54 15 132 55 1 0
15 94 55 16 1 0
132 55 15 94 1 0
55 16 94 17 1 0
94 95 134 17 1 0
55 94 134 17 1 0
56 17 134 57 1 0
17 96 57 18 1 0
134 57 17 96 1 0
57 18 96 19 1 0
96 97 136 19 1 0
57 96 136 19 1 0
58 19 136 59 1 0
19 98 59 20 1 0
136 59 19 98 1 0
59 20 98 21 1 0
98 99 138 21 1 0
59 98 138 21 1 0
60 21 138 61 1 0
21 100 61 22 1 0
138 61 21 100 1 0
61 22 100 23 1 0
100 101 140 23 1 0
61 100 140 23 1 0
62 23 140 63 1 0
23 102 63 24 1 0
140 63 23 102 1 0
63 24 102 25 1 0
102 103 142 25 1 0
63 102 142 25 1 0
64 25 142 65 1 0
25 104 65 26 1 0
142 65 25 104 1 0
65 26 104 27 1 0
104 105 144 27 1 0
65 104 144 27 1 0
66 27 144 67 1 0
27 106 67 28 1 0
144 67 27 106 1 0
67 28 106 29 1 0
106 107 146 29 1 0
67 106 146 29 1 0
68 29 146 69 1 0
29 108 69 30 1 0
146 69 29 108 1 0
69 30 108 31 1 0
108 109 148 31 1 0
69 108 148 31 1 0
70 31 148 71 1 0
31 110 71 32 1 0
148 71 31 110 1 0
71 32 110 33 1 0
110 111 150 33 1 0
71 110 150 33 1 0
72 33 150 73 1 0
33 112 73 34 1 0
150 73 33 112 1 0
73 34 112 35 1 0
112 113 152 35 1 0
73 112 152 35 1 0
74 35 152 75 1 0
35 114 75 36 1 0
152 75 35 114 1 0
75 36 114 37 1 0
114 115 154 37 1 0
75 114 154 37 1 0
76 37 154 77 1 0
37 116 77 38 1 0
154 77 37 116 1 0
77 38 116 39 1 0
116 117 156 39 1 0
77 116 156 39 1 0
78 39 156 79 1 0
39 118 79 40 1 0
156 79 39 118 1 0
79 40 118 41 1 0
118 119 158 41 1 0
79 118 158 41 1 0
80 41 158 81 1 0
41 120 81 42 1 0
158 81 41 120 1 0
81 42 120 43 1 0
120 121 160 43 1 0
81 120 160 43 1 0
82 43 160 83 1 0
43 122 83 44 1 0
160 83 43 122 1 0
83 44 122 45 1 0
122 123 162 45 1 0
83 122 162 45 1 0
84 45 162 85 1 0
45 124 85 46 1 0
162 85 45 124 1 0
85 46 124 47 1 0
124 125 164 47 1 0
85 124 164 47 1 0
86 47 164 87 1 0
47 126 87 48 1 0
164 87 47 126 1 0
87 48 126 49 1 0
126 127 166 49 1 0
87 126 166 49 1 0
88 49 166 89 1 0
49 128 89 50 1 0
166 89 49 128 1 0
89 50 128 51 1 0
128 129 168 51 1 0
89 128 168 51 1 0
90 51 168 5 1 0
51 8 5 6 1 0
168 5 51 8 1 0
9 10 12 169 2 0
12 247 286 169 2 0
9 12 286 169 2 0
208 169 286 209 2 0
169 248 209 170 2 0
286 209 169 248 2 0
209 170 248 171 2 0
248 249 288 171 2 0
209 248 288 171 2 0
210 171 288 211 2 0
171 250 211 172 2 0
288 211 171 250 2 0
211 172 250 173 2 0
250 251 290 173 2 0
211 250 290 173 2 0
212 173 290 213 2 0
173 252 213 174 2 0
290 213 173 252 2 0
213 174 252 175 2 0
252 253 292 175 2 0
213 252 292 175 2 0
214 175 292 215 2 0
175 254 215 176 2 0
292 215 175 254 2 0
215 176 254 177 2 0
254 255 294 177 2 0
215 254 294 177 2 0
216 177 294 217 2 0
177 256 217 178 2 0
294 217 177 256 2 0
217 178 256 179 2 0
256 257 296 179 2 0
217 256 296 179 2 0
218 179 296 219 2 0
179 258 219 180 2 0
296 219 179 258 2 0
219 180 258 181 2 0
258 259 298 181 2 0
219 258 298 181 2 0
220 181 298 221 2 0
181 260 221 182 2 0
298 221 181 260 2 0
221 182 260 183 2 0
260 261 300 183 2 0
221 260 300 183 2 0
222 183 300 223 2 0
183 262 223 184 2 0
300 223 183 262 2 0
223 184 262 185 2 0
262 263 302 185 2 0
223 262 302 185 2 0
224 185 302 225 2 0
185 264 225 186 2 0
302 225 185 264 2 0
225 186 264 187 2 0
264 265 304 187 2 0
225 264 304 187 2 0
226 187 304 227 2 0
187 266 227 188 2 0
304 227 187 266 2 0
227 188 266 189 2 0
266 267 306 189 2 0
227 266 306 189 2 0
228 189 306 229 2 0
189 268 229 190 2 0
306 229 189 268 2 0
229 190 268 191 2 0
268 269 308 191 2 0
229 268 308 191 2 0
230 191 308 231 2 0
191 270 231 192 2 0
308 231 191 270 2 0
231 192 270 193 2 0
270 271 310 193 2 0
231 270 310 193 2 0
232 193 310 233 2 0
193 272 233 194 2 0
310 233 193 272 2 0
233 194 272 195 2 0
272 273 312 195 2 0
233 272 312 195 2 0
234 195 312 235 2 0
195 274 235 196 2 0
312 235 195 274 2 0
235 196 274 197 2 0
274 275 314 197 2 0
235 274 314 197 2 0
236 197 314 237 2 0
197 276 237 198 2 0
314 237 197 276 2 0
237 198 276 199 2 0
276 277 316 199 2 0
237 276 316 199 2 0
238 199 316 239 2 0
199 278 239 200 2 0
316 239 199 278 2 0
239 200 278 201 2 0
278 279 318 201 2 0
239 278 318 201 2 0
240 201 318 241 2 0
201 280 241 202 2 0
318 241 201 280 2 0
241 202 280 203 2 0
280 281 320 203 2 0
241 280 320 203 2 0
242 203 320 243 2 0
203 282 243 204 2 0
320 243 203 282 2 0
243 204 282 205 2 0
282 283 322 205 2 0
243 282 322 205 2 0
244 205 322 245 2 0
205 284 245 206 2 0
322 245 205 284 2 0
245 206 284 207 2 0
284 285 324 207 2 0
245 284 324 207 2 0
246 207 324 2 2 0
207 4 2 1 2 0
324 2 207 4 2 0
