%tile positions [x, y, z] tile dimensions [x, y, z]
-2.1650635094610972e-08 -2.2499999999999994e-07 -5.9999999999999997e-07 4.3301270189221931e-08 4.9999999999999985e-08 2.9999999999999999e-07
2.1650635094610946e-08 -2.2499999999999994e-07 -5.9999999999999997e-07 4.3301270189221931e-08 4.9999999999999985e-08 2.9999999999999999e-07
-1.0825317547305483e-07 -1.7499999999999997e-07 -5.9999999999999997e-07 4.3301270189221931e-08 4.9999999999999985e-08 2.9999999999999999e-07
-6.4951905283832917e-08 -1.7499999999999997e-07 -5.9999999999999997e-07 4.3301270189221931e-08 4.9999999999999985e-08 2.9999999999999999e-07
-2.1650635094610972e-08 -1.7499999999999997e-07 -5.9999999999999997e-07 4.3301270189221931e-08 4.9999999999999985e-08 2.9999999999999999e-07
2.1650635094610946e-08 -1.7499999999999997e-07 -5.9999999999999997e-07 4.3301270189221931e-08 4.9999999999999985e-08 2.9999999999999999e-07
6.4951905283832890e-08 -1.7499999999999997e-07 -5.9999999999999997e-07 4.3301270189221931e-08 4.9999999999999985e-08 2.9999999999999999e-07
1.0825317547305483e-07 -1.7499999999999997e-07 -5.9999999999999997e-07 4.3301270189221931e-08 4.9999999999999985e-08 2.9999999999999999e-07
-1.9485571585149870e-07 -1.2499999999999997e-07 -5.9999999999999997e-07 4.3301270189221931e-08 4.9999999999999985e-08 2.9999999999999999e-07
-1.5155444566227678e-07 -1.2499999999999997e-07 -5.9999999999999997e-07 4.3301270189221931e-08 4.9999999999999985e-08 2.9999999999999999e-07
-1.0825317547305483e-07 -1.2499999999999997e-07 -5.9999999999999997e-07 4.3301270189221931e-08 4.9999999999999985e-08 2.9999999999999999e-07
-6.4951905283832917e-08 -1.2499999999999997e-07 -5.9999999999999997e-07 4.3301270189221931e-08 4.9999999999999985e-08 2.9999999999999999e-07
-2.1650635094610972e-08 -1.2499999999999997e-07 -5.9999999999999997e-07 4.3301270189221931e-08 4.9999999999999985e-08 2.9999999999999999e-07
2.1650635094610946e-08 -1.2499999999999997e-07 -5.9999999999999997e-07 4.3301270189221931e-08 4.9999999999999985e-08 2.9999999999999999e-07
6.4951905283832890e-08 -1.2499999999999997e-07 -5.9999999999999997e-07 4.3301270189221931e-08 4.9999999999999985e-08 2.9999999999999999e-07
1.0825317547305483e-07 -1.2499999999999997e-07 -5.9999999999999997e-07 4.3301270189221931e-08 4.9999999999999985e-08 2.9999999999999999e-07
1.5155444566227673e-07 -1.2499999999999997e-07 -5.9999999999999997e-07 4.3301270189221931e-08 4.9999999999999985e-08 2.9999999999999999e-07
1.9485571585149867e-07 -1.2499999999999997e-07 -5.9999999999999997e-07 4.3301270189221931e-08 4.9999999999999985e-08 2.9999999999999999e-07
-1.9485571585149870e-07 -7.4999999999999997e-08 -5.9999999999999997e-07 4.3301270189221931e-08 4.9999999999999985e-08 2.9999999999999999e-07
-1.5155444566227678e-07 -7.4999999999999997e-08 -5.9999999999999997e-07 4.3301270189221931e-08 4.9999999999999985e-08 2.9999999999999999e-07
-1.0825317547305483e-07 -7.4999999999999997e-08 -5.9999999999999997e-07 4.3301270189221931e-08 4.9999999999999985e-08 2.9999999999999999e-07
-6.4951905283832917e-08 -7.4999999999999997e-08 -5.9999999999999997e-07 4.3301270189221931e-08 4.9999999999999985e-08 2.9999999999999999e-07
-2.1650635094610972e-08 -7.4999999999999997e-08 -5.9999999999999997e-07 4.3301270189221931e-08 4.9999999999999985e-08 2.9999999999999999e-07
2.1650635094610946e-08 -7.4999999999999997e-08 -5.9999999999999997e-07 4.3301270189221931e-08 4.9999999999999985e-08 2.9999999999999999e-07
6.4951905283832890e-08 -7.4999999999999997e-08 -5.9999999999999997e-07 4.3301270189221931e-08 4.9999999999999985e-08 2.9999999999999999e-07
1.0825317547305483e-07 -7.4999999999999997e-08 -5.9999999999999997e-07 4.3301270189221931e-08 4.9999999999999985e-08 2.9999999999999999e-07
1.5155444566227673e-07 -7.4999999999999997e-08 -5.9999999999999997e-07 4.3301270189221931e-08 4.9999999999999985e-08 2.9999999999999999e-07
1.9485571585149867e-07 -7.4999999999999997e-08 -5.9999999999999997e-07 4.3301270189221931e-08 4.9999999999999985e-08 2.9999999999999999e-07
-1.9485571585149870e-07 -2.4999999999999999e-08 -5.9999999999999997e-07 4.3301270189221931e-08 4.9999999999999985e-08 2.9999999999999999e-07
-1.5155444566227678e-07 -2.4999999999999999e-08 -5.9999999999999997e-07 4.3301270189221931e-08 4.9999999999999985e-08 2.9999999999999999e-07
-1.0825317547305483e-07 -2.4999999999999999e-08 -5.9999999999999997e-07 4.3301270189221931e-08 4.9999999999999985e-08 2.9999999999999999e-07
-6.4951905283832917e-08 -2.4999999999999999e-08 -5.9999999999999997e-07 4.3301270189221931e-08 4.9999999999999985e-08 2.9999999999999999e-07
-2.1650635094610972e-08 -2.4999999999999999e-08 -5.9999999999999997e-07 4.3301270189221931e-08 4.9999999999999985e-08 2.9999999999999999e-07
2.1650635094610946e-08 -2.4999999999999999e-08 -5.9999999999999997e-07 4.3301270189221931e-08 4.9999999999999985e-08 2.9999999999999999e-07
6.4951905283832890e-08 -2.4999999999999999e-08 -5.9999999999999997e-07 4.3301270189221931e-08 4.9999999999999985e-08 2.9999999999999999e-07
1.0825317547305483e-07 -2.4999999999999999e-08 -5.9999999999999997e-07 4.3301270189221931e-08 4.9999999999999985e-08 2.9999999999999999e-07
1.5155444566227673e-07 -2.4999999999999999e-08 -5.9999999999999997e-07 4.3301270189221931e-08 4.9999999999999985e-08 2.9999999999999999e-07
1.9485571585149867e-07 -2.4999999999999999e-08 -5.9999999999999997e-07 4.3301270189221931e-08 4.9999999999999985e-08 2.9999999999999999e-07
-1.9485571585149870e-07 2.4999999999999972e-08 -5.9999999999999997e-07 4.3301270189221931e-08 4.9999999999999985e-08 2.9999999999999999e-07
-1.5155444566227678e-07 2.4999999999999972e-08 -5.9999999999999997e-07 4.3301270189221931e-08 4.9999999999999985e-08 2.9999999999999999e-07
-1.0825317547305483e-07 2.4999999999999972e-08 -5.9999999999999997e-07 4.3301270189221931e-08 4.9999999999999985e-08 2.9999999999999999e-07
-6.4951905283832917e-08 2.4999999999999972e-08 -5.9999999999999997e-07 4.3301270189221931e-08 4.9999999999999985e-08 2.9999999999999999e-07
-2.1650635094610972e-08 2.4999999999999972e-08 -5.9999999999999997e-07 4.3301270189221931e-08 4.9999999999999985e-08 2.9999999999999999e-07
2.1650635094610946e-08 2.4999999999999972e-08 -5.9999999999999997e-07 4.3301270189221931e-08 4.9999999999999985e-08 2.9999999999999999e-07
6.4951905283832890e-08 2.4999999999999972e-08 -5.9999999999999997e-07 4.3301270189221931e-08 4.9999999999999985e-08 2.9999999999999999e-07
1.0825317547305483e-07 2.4999999999999972e-08 -5.9999999999999997e-07 4.3301270189221931e-08 4.9999999999999985e-08 2.9999999999999999e-07
1.5155444566227673e-07 2.4999999999999972e-08 -5.9999999999999997e-07 4.3301270189221931e-08 4.9999999999999985e-08 2.9999999999999999e-07
1.9485571585149867e-07 2.4999999999999972e-08 -5.9999999999999997e-07 4.3301270189221931e-08 4.9999999999999985e-08 2.9999999999999999e-07
-1.9485571585149870e-07 7.4999999999999970e-08 -5.9999999999999997e-07 4.3301270189221931e-08 4.9999999999999985e-08 2.9999999999999999e-07
-1.5155444566227678e-07 7.4999999999999970e-08 -5.9999999999999997e-07 4.3301270189221931e-08 4.9999999999999985e-08 2.9999999999999999e-07
-1.0825317547305483e-07 7.4999999999999970e-08 -5.9999999999999997e-07 4.3301270189221931e-08 4.9999999999999985e-08 2.9999999999999999e-07
-6.4951905283832917e-08 7.4999999999999970e-08 -5.9999999999999997e-07 4.3301270189221931e-08 4.9999999999999985e-08 2.9999999999999999e-07
-2.1650635094610972e-08 7.4999999999999970e-08 -5.9999999999999997e-07 4.3301270189221931e-08 4.9999999999999985e-08 2.9999999999999999e-07
2.1650635094610946e-08 7.4999999999999970e-08 -5.9999999999999997e-07 4.3301270189221931e-08 4.9999999999999985e-08 2.9999999999999999e-07
6.4951905283832890e-08 7.4999999999999970e-08 -5.9999999999999997e-07 4.3301270189221931e-08 4.9999999999999985e-08 2.9999999999999999e-07
1.0825317547305483e-07 7.4999999999999970e-08 -5.9999999999999997e-07 4.3301270189221931e-08 4.9999999999999985e-08 2.9999999999999999e-07
1.5155444566227673e-07 7.4999999999999970e-08 -5.9999999999999997e-07 4.3301270189221931e-08 4.9999999999999985e-08 2.9999999999999999e-07
1.9485571585149867e-07 7.4999999999999970e-08 -5.9999999999999997e-07 4.3301270189221931e-08 4.9999999999999985e-08 2.9999999999999999e-07
-1.9485571585149870e-07 1.2499999999999997e-07 -5.9999999999999997e-07 4.3301270189221931e-08 4.9999999999999985e-08 2.9999999999999999e-07
-1.5155444566227678e-07 1.2499999999999997e-07 -5.9999999999999997e-07 4.3301270189221931e-08 4.9999999999999985e-08 2.9999999999999999e-07
-1.0825317547305483e-07 1.2499999999999997e-07 -5.9999999999999997e-07 4.3301270189221931e-08 4.9999999999999985e-08 2.9999999999999999e-07
-6.4951905283832917e-08 1.2499999999999997e-07 -5.9999999999999997e-07 4.3301270189221931e-08 4.9999999999999985e-08 2.9999999999999999e-07
-2.1650635094610972e-08 1.2499999999999997e-07 -5.9999999999999997e-07 4.3301270189221931e-08 4.9999999999999985e-08 2.9999999999999999e-07
2.1650635094610946e-08 1.2499999999999997e-07 -5.9999999999999997e-07 4.3301270189221931e-08 4.9999999999999985e-08 2.9999999999999999e-07
6.4951905283832890e-08 1.2499999999999997e-07 -5.9999999999999997e-07 4.3301270189221931e-08 4.9999999999999985e-08 2.9999999999999999e-07
1.0825317547305483e-07 1.2499999999999997e-07 -5.9999999999999997e-07 4.3301270189221931e-08 4.9999999999999985e-08 2.9999999999999999e-07
1.5155444566227673e-07 1.2499999999999997e-07 -5.9999999999999997e-07 4.3301270189221931e-08 4.9999999999999985e-08 2.9999999999999999e-07
1.9485571585149867e-07 1.2499999999999997e-07 -5.9999999999999997e-07 4.3301270189221931e-08 4.9999999999999985e-08 2.9999999999999999e-07
-1.0825317547305483e-07 1.7499999999999991e-07 -5.9999999999999997e-07 4.3301270189221931e-08 4.9999999999999985e-08 2.9999999999999999e-07
-6.4951905283832917e-08 1.7499999999999991e-07 -5.9999999999999997e-07 4.3301270189221931e-08 4.9999999999999985e-08 2.9999999999999999e-07
-2.1650635094610972e-08 1.7499999999999991e-07 -5.9999999999999997e-07 4.3301270189221931e-08 4.9999999999999985e-08 2.9999999999999999e-07
2.1650635094610946e-08 1.7499999999999991e-07 -5.9999999999999997e-07 4.3301270189221931e-08 4.9999999999999985e-08 2.9999999999999999e-07
6.4951905283832890e-08 1.7499999999999991e-07 -5.9999999999999997e-07 4.3301270189221931e-08 4.9999999999999985e-08 2.9999999999999999e-07
1.0825317547305483e-07 1.7499999999999991e-07 -5.9999999999999997e-07 4.3301270189221931e-08 4.9999999999999985e-08 2.9999999999999999e-07
-2.1650635094610972e-08 2.2499999999999991e-07 -5.9999999999999997e-07 4.3301270189221931e-08 4.9999999999999985e-08 2.9999999999999999e-07
2.1650635094610946e-08 2.2499999999999991e-07 -5.9999999999999997e-07 4.3301270189221931e-08 4.9999999999999985e-08 2.9999999999999999e-07
-2.1650635094610972e-08 -2.2499999999999994e-07 -3.0000000000000004e-07 4.3301270189221931e-08 4.9999999999999985e-08 2.9999999999999999e-07
2.1650635094610946e-08 -2.2499999999999994e-07 -3.0000000000000004e-07 4.3301270189221931e-08 4.9999999999999985e-08 2.9999999999999999e-07
-1.0825317547305483e-07 -1.7499999999999997e-07 -3.0000000000000004e-07 4.3301270189221931e-08 4.9999999999999985e-08 2.9999999999999999e-07
-6.4951905283832917e-08 -1.7499999999999997e-07 -3.0000000000000004e-07 4.3301270189221931e-08 4.9999999999999985e-08 2.9999999999999999e-07
-2.1650635094610972e-08 -1.7499999999999997e-07 -3.0000000000000004e-07 4.3301270189221931e-08 4.9999999999999985e-08 2.9999999999999999e-07
2.1650635094610946e-08 -1.7499999999999997e-07 -3.0000000000000004e-07 4.3301270189221931e-08 4.9999999999999985e-08 2.9999999999999999e-07
6.4951905283832890e-08 -1.7499999999999997e-07 -3.0000000000000004e-07 4.3301270189221931e-08 4.9999999999999985e-08 2.9999999999999999e-07
1.0825317547305483e-07 -1.7499999999999997e-07 -3.0000000000000004e-07 4.3301270189221931e-08 4.9999999999999985e-08 2.9999999999999999e-07
-1.9485571585149870e-07 -1.2499999999999997e-07 -3.0000000000000004e-07 4.3301270189221931e-08 4.9999999999999985e-08 2.9999999999999999e-07
-1.5155444566227678e-07 -1.2499999999999997e-07 -3.0000000000000004e-07 4.3301270189221931e-08 4.9999999999999985e-08 2.9999999999999999e-07
-1.0825317547305483e-07 -1.2499999999999997e-07 -3.0000000000000004e-07 4.3301270189221931e-08 4.9999999999999985e-08 2.9999999999999999e-07
-6.4951905283832917e-08 -1.2499999999999997e-07 -3.0000000000000004e-07 4.3301270189221931e-08 4.9999999999999985e-08 2.9999999999999999e-07
-2.1650635094610972e-08 -1.2499999999999997e-07 -3.0000000000000004e-07 4.3301270189221931e-08 4.9999999999999985e-08 2.9999999999999999e-07
2.1650635094610946e-08 -1.2499999999999997e-07 -3.0000000000000004e-07 4.3301270189221931e-08 4.9999999999999985e-08 2.9999999999999999e-07
6.4951905283832890e-08 -1.2499999999999997e-07 -3.0000000000000004e-07 4.3301270189221931e-08 4.9999999999999985e-08 2.9999999999999999e-07
1.0825317547305483e-07 -1.2499999999999997e-07 -3.0000000000000004e-07 4.3301270189221931e-08 4.9999999999999985e-08 2.9999999999999999e-07
1.5155444566227673e-07 -1.2499999999999997e-07 -3.0000000000000004e-07 4.3301270189221931e-08 4.9999999999999985e-08 2.9999999999999999e-07
1.9485571585149867e-07 -1.2499999999999997e-07 -3.0000000000000004e-07 4.3301270189221931e-08 4.9999999999999985e-08 2.9999999999999999e-07
-1.9485571585149870e-07 -7.4999999999999997e-08 -3.0000000000000004e-07 4.3301270189221931e-08 4.9999999999999985e-08 2.9999999999999999e-07
-1.5155444566227678e-07 -7.4999999999999997e-08 -3.0000000000000004e-07 4.3301270189221931e-08 4.9999999999999985e-08 2.9999999999999999e-07
-1.0825317547305483e-07 -7.4999999999999997e-08 -3.0000000000000004e-07 4.3301270189221931e-08 4.9999999999999985e-08 2.9999999999999999e-07
-6.4951905283832917e-08 -7.4999999999999997e-08 -3.0000000000000004e-07 4.3301270189221931e-08 4.9999999999999985e-08 2.9999999999999999e-07
-2.1650635094610972e-08 -7.4999999999999997e-08 -3.0000000000000004e-07 4.3301270189221931e-08 4.9999999999999985e-08 2.9999999999999999e-07
2.1650635094610946e-08 -7.4999999999999997e-08 -3.0000000000000004e-07 4.3301270189221931e-08 4.9999999999999985e-08 2.9999999999999999e-07
6.4951905283832890e-08 -7.4999999999999997e-08 -3.0000000000000004e-07 4.3301270189221931e-08 4.9999999999999985e-08 2.9999999999999999e-07
1.0825317547305483e-07 -7.4999999999999997e-08 -3.0000000000000004e-07 4.3301270189221931e-08 4.9999999999999985e-08 2.9999999999999999e-07
1.5155444566227673e-07 -7.4999999999999997e-08 -3.0000000000000004e-07 4.3301270189221931e-08 4.9999999999999985e-08 2.9999999999999999e-07
1.9485571585149867e-07 -7.4999999999999997e-08 -3.0000000000000004e-07 4.3301270189221931e-08 4.9999999999999985e-08 2.9999999999999999e-07
-1.9485571585149870e-07 -2.4999999999999999e-08 -3.0000000000000004e-07 4.3301270189221931e-08 4.9999999999999985e-08 2.9999999999999999e-07
-1.5155444566227678e-07 -2.4999999999999999e-08 -3.0000000000000004e-07 4.3301270189221931e-08 4.9999999999999985e-08 2.9999999999999999e-07
-1.0825317547305483e-07 -2.4999999999999999e-08 -3.0000000000000004e-07 4.3301270189221931e-08 4.9999999999999985e-08 2.9999999999999999e-07
-6.4951905283832917e-08 -2.4999999999999999e-08 -3.0000000000000004e-07 4.3301270189221931e-08 4.9999999999999985e-08 2.9999999999999999e-07
-2.1650635094610972e-08 -2.4999999999999999e-08 -3.0000000000000004e-07 4.3301270189221931e-08 4.9999999999999985e-08 2.9999999999999999e-07
2.1650635094610946e-08 -2.4999999999999999e-08 -3.0000000000000004e-07 4.3301270189221931e-08 4.9999999999999985e-08 2.9999999999999999e-07
6.4951905283832890e-08 -2.4999999999999999e-08 -3.0000000000000004e-07 4.3301270189221931e-08 4.9999999999999985e-08 2.9999999999999999e-07
1.0825317547305483e-07 -2.4999999999999999e-08 -3.0000000000000004e-07 4.3301270189221931e-08 4.9999999999999985e-08 2.9999999999999999e-07
1.5155444566227673e-07 -2.4999999999999999e-08 -3.0000000000000004e-07 4.3301270189221931e-08 4.9999999999999985e-08 2.9999999999999999e-07
1.9485571585149867e-07 -2.4999999999999999e-08 -3.0000000000000004e-07 4.3301270189221931e-08 4.9999999999999985e-08 2.9999999999999999e-07
-1.9485571585149870e-07 2.4999999999999972e-08 -3.0000000000000004e-07 4.3301270189221931e-08 4.9999999999999985e-08 2.9999999999999999e-07
-1.5155444566227678e-07 2.4999999999999972e-08 -3.0000000000000004e-07 4.3301270189221931e-08 4.9999999999999985e-08 2.9999999999999999e-07
-1.0825317547305483e-07 2.4999999999999972e-08 -3.0000000000000004e-07 4.3301270189221931e-08 4.9999999999999985e-08 2.9999999999999999e-07
-6.4951905283832917e-08 2.4999999999999972e-08 -3.0000000000000004e-07 4.3301270189221931e-08 4.9999999999999985e-08 2.9999999999999999e-07
-2.1650635094610972e-08 2.4999999999999972e-08 -3.0000000000000004e-07 4.3301270189221931e-08 4.9999999999999985e-08 2.9999999999999999e-07
2.1650635094610946e-08 2.4999999999999972e-08 -3.0000000000000004e-07 4.3301270189221931e-08 4.9999999999999985e-08 2.9999999999999999e-07
6.4951905283832890e-08 2.4999999999999972e-08 -3.0000000000000004e-07 4.3301270189221931e-08 4.9999999999999985e-08 2.9999999999999999e-07
1.0825317547305483e-07 2.4999999999999972e-08 -3.0000000000000004e-07 4.3301270189221931e-08 4.9999999999999985e-08 2.9999999999999999e-07
1.5155444566227673e-07 2.4999999999999972e-08 -3.0000000000000004e-07 4.3301270189221931e-08 4.9999999999999985e-08 2.9999999999999999e-07
1.9485571585149867e-07 2.4999999999999972e-08 -3.0000000000000004e-07 4.3301270189221931e-08 4.9999999999999985e-08 2.9999999999999999e-07
-1.9485571585149870e-07 7.4999999999999970e-08 -3.0000000000000004e-07 4.3301270189221931e-08 4.9999999999999985e-08 2.9999999999999999e-07
-1.5155444566227678e-07 7.4999999999999970e-08 -3.0000000000000004e-07 4.3301270189221931e-08 4.9999999999999985e-08 2.9999999999999999e-07
-1.0825317547305483e-07 7.4999999999999970e-08 -3.0000000000000004e-07 4.3301270189221931e-08 4.9999999999999985e-08 2.9999999999999999e-07
-6.4951905283832917e-08 7.4999999999999970e-08 -3.0000000000000004e-07 4.3301270189221931e-08 4.9999999999999985e-08 2.9999999999999999e-07
-2.1650635094610972e-08 7.4999999999999970e-08 -3.0000000000000004e-07 4.3301270189221931e-08 4.9999999999999985e-08 2.9999999999999999e-07
2.1650635094610946e-08 7.4999999999999970e-08 -3.0000000000000004e-07 4.3301270189221931e-08 4.9999999999999985e-08 2.9999999999999999e-07
6.4951905283832890e-08 7.4999999999999970e-08 -3.0000000000000004e-07 4.3301270189221931e-08 4.9999999999999985e-08 2.9999999999999999e-07
1.0825317547305483e-07 7.4999999999999970e-08 -3.0000000000000004e-07 4.3301270189221931e-08 4.9999999999999985e-08 2.9999999999999999e-07
1.5155444566227673e-07 7.4999999999999970e-08 -3.0000000000000004e-07 4.3301270189221931e-08 4.9999999999999985e-08 2.9999999999999999e-07
1.9485571585149867e-07 7.4999999999999970e-08 -3.0000000000000004e-07 4.3301270189221931e-08 4.9999999999999985e-08 2.9999999999999999e-07
-1.9485571585149870e-07 1.2499999999999997e-07 -3.0000000000000004e-07 4.3301270189221931e-08 4.9999999999999985e-08 2.9999999999999999e-07
-1.5155444566227678e-07 1.2499999999999997e-07 -3.0000000000000004e-07 4.3301270189221931e-08 4.9999999999999985e-08 2.9999999999999999e-07
-1.0825317547305483e-07 1.2499999999999997e-07 -3.0000000000000004e-07 4.3301270189221931e-08 4.9999999999999985e-08 2.9999999999999999e-07
-6.4951905283832917e-08 1.2499999999999997e-07 -3.0000000000000004e-07 4.3301270189221931e-08 4.9999999999999985e-08 2.9999999999999999e-07
-2.1650635094610972e-08 1.2499999999999997e-07 -3.0000000000000004e-07 4.3301270189221931e-08 4.9999999999999985e-08 2.9999999999999999e-07
2.1650635094610946e-08 1.2499999999999997e-07 -3.0000000000000004e-07 4.3301270189221931e-08 4.9999999999999985e-08 2.9999999999999999e-07
6.4951905283832890e-08 1.2499999999999997e-07 -3.0000000000000004e-07 4.3301270189221931e-08 4.9999999999999985e-08 2.9999999999999999e-07
1.0825317547305483e-07 1.2499999999999997e-07 -3.0000000000000004e-07 4.3301270189221931e-08 4.9999999999999985e-08 2.9999999999999999e-07
1.5155444566227673e-07 1.2499999999999997e-07 -3.0000000000000004e-07 4.3301270189221931e-08 4.9999999999999985e-08 2.9999999999999999e-07
1.9485571585149867e-07 1.2499999999999997e-07 -3.0000000000000004e-07 4.3301270189221931e-08 4.9999999999999985e-08 2.9999999999999999e-07
-1.0825317547305483e-07 1.7499999999999991e-07 -3.0000000000000004e-07 4.3301270189221931e-08 4.9999999999999985e-08 2.9999999999999999e-07
-6.4951905283832917e-08 1.7499999999999991e-07 -3.0000000000000004e-07 4.3301270189221931e-08 4.9999999999999985e-08 2.9999999999999999e-07
-2.1650635094610972e-08 1.7499999999999991e-07 -3.0000000000000004e-07 4.3301270189221931e-08 4.9999999999999985e-08 2.9999999999999999e-07
2.1650635094610946e-08 1.7499999999999991e-07 -3.0000000000000004e-07 4.3301270189221931e-08 4.9999999999999985e-08 2.9999999999999999e-07
6.4951905283832890e-08 1.7499999999999991e-07 -3.0000000000000004e-07 4.3301270189221931e-08 4.9999999999999985e-08 2.9999999999999999e-07
1.0825317547305483e-07 1.7499999999999991e-07 -3.0000000000000004e-07 4.3301270189221931e-08 4.9999999999999985e-08 2.9999999999999999e-07
-2.1650635094610972e-08 2.2499999999999991e-07 -3.0000000000000004e-07 4.3301270189221931e-08 4.9999999999999985e-08 2.9999999999999999e-07
2.1650635094610946e-08 2.2499999999999991e-07 -3.0000000000000004e-07 4.3301270189221931e-08 4.9999999999999985e-08 2.9999999999999999e-07
-2.1650635094610972e-08 -2.2499999999999994e-07 0.0000000000000000e+00 4.3301270189221931e-08 4.9999999999999985e-08 2.9999999999999999e-07
2.1650635094610946e-08 -2.2499999999999994e-07 0.0000000000000000e+00 4.3301270189221931e-08 4.9999999999999985e-08 2.9999999999999999e-07
-1.0825317547305483e-07 -1.7499999999999997e-07 0.0000000000000000e+00 4.3301270189221931e-08 4.9999999999999985e-08 2.9999999999999999e-07
-6.4951905283832917e-08 -1.7499999999999997e-07 0.0000000000000000e+00 4.3301270189221931e-08 4.9999999999999985e-08 2.9999999999999999e-07
-2.1650635094610972e-08 -1.7499999999999997e-07 0.0000000000000000e+00 4.3301270189221931e-08 4.9999999999999985e-08 2.9999999999999999e-07
2.1650635094610946e-08 -1.7499999999999997e-07 0.0000000000000000e+00 4.3301270189221931e-08 4.9999999999999985e-08 2.9999999999999999e-07
6.4951905283832890e-08 -1.7499999999999997e-07 0.0000000000000000e+00 4.3301270189221931e-08 4.9999999999999985e-08 2.9999999999999999e-07
1.0825317547305483e-07 -1.7499999999999997e-07 0.0000000000000000e+00 4.3301270189221931e-08 4.9999999999999985e-08 2.9999999999999999e-07
-1.9485571585149870e-07 -1.2499999999999997e-07 0.0000000000000000e+00 4.3301270189221931e-08 4.9999999999999985e-08 2.9999999999999999e-07
-1.5155444566227678e-07 -1.2499999999999997e-07 0.0000000000000000e+00 4.3301270189221931e-08 4.9999999999999985e-08 2.9999999999999999e-07
-1.0825317547305483e-07 -1.2499999999999997e-07 0.0000000000000000e+00 4.3301270189221931e-08 4.9999999999999985e-08 2.9999999999999999e-07
-6.4951905283832917e-08 -1.2499999999999997e-07 0.0000000000000000e+00 4.3301270189221931e-08 4.9999999999999985e-08 2.9999999999999999e-07
-2.1650635094610972e-08 -1.2499999999999997e-07 0.0000000000000000e+00 4.3301270189221931e-08 4.9999999999999985e-08 2.9999999999999999e-07
2.1650635094610946e-08 -1.2499999999999997e-07 0.0000000000000000e+00 4.3301270189221931e-08 4.9999999999999985e-08 2.9999999999999999e-07
6.4951905283832890e-08 -1.2499999999999997e-07 0.0000000000000000e+00 4.3301270189221931e-08 4.9999999999999985e-08 2.9999999999999999e-07
1.0825317547305483e-07 -1.2499999999999997e-07 0.0000000000000000e+00 4.3301270189221931e-08 4.9999999999999985e-08 2.9999999999999999e-07
1.5155444566227673e-07 -1.2499999999999997e-07 0.0000000000000000e+00 4.3301270189221931e-08 4.9999999999999985e-08 2.9999999999999999e-07
1.9485571585149867e-07 -1.2499999999999997e-07 0.0000000000000000e+00 4.3301270189221931e-08 4.9999999999999985e-08 2.9999999999999999e-07
-1.9485571585149870e-07 -7.4999999999999997e-08 0.0000000000000000e+00 4.3301270189221931e-08 4.9999999999999985e-08 2.9999999999999999e-07
-1.5155444566227678e-07 -7.4999999999999997e-08 0.0000000000000000e+00 4.3301270189221931e-08 4.9999999999999985e-08 2.9999999999999999e-07
-1.0825317547305483e-07 -7.4999999999999997e-08 0.0000000000000000e+00 4.3301270189221931e-08 4.9999999999999985e-08 2.9999999999999999e-07
-6.4951905283832917e-08 -7.4999999999999997e-08 0.0000000000000000e+00 4.3301270189221931e-08 4.9999999999999985e-08 2.9999999999999999e-07
-2.1650635094610972e-08 -7.4999999999999997e-08 0.0000000000000000e+00 4.3301270189221931e-08 4.9999999999999985e-08 2.9999999999999999e-07
2.1650635094610946e-08 -7.4999999999999997e-08 0.0000000000000000e+00 4.3301270189221931e-08 4.9999999999999985e-08 2.9999999999999999e-07
6.4951905283832890e-08 -7.4999999999999997e-08 0.0000000000000000e+00 4.3301270189221931e-08 4.9999999999999985e-08 2.9999999999999999e-07
1.0825317547305483e-07 -7.4999999999999997e-08 0.0000000000000000e+00 4.3301270189221931e-08 4.9999999999999985e-08 2.9999999999999999e-07
1.5155444566227673e-07 -7.4999999999999997e-08 0.0000000000000000e+00 4.3301270189221931e-08 4.9999999999999985e-08 2.9999999999999999e-07
1.9485571585149867e-07 -7.4999999999999997e-08 0.0000000000000000e+00 4.3301270189221931e-08 4.9999999999999985e-08 2.9999999999999999e-07
-1.9485571585149870e-07 -2.4999999999999999e-08 0.0000000000000000e+00 4.3301270189221931e-08 4.9999999999999985e-08 2.9999999999999999e-07
-1.5155444566227678e-07 -2.4999999999999999e-08 0.0000000000000000e+00 4.3301270189221931e-08 4.9999999999999985e-08 2.9999999999999999e-07
-1.0825317547305483e-07 -2.4999999999999999e-08 0.0000000000000000e+00 4.3301270189221931e-08 4.9999999999999985e-08 2.9999999999999999e-07
-6.4951905283832917e-08 -2.4999999999999999e-08 0.0000000000000000e+00 4.3301270189221931e-08 4.9999999999999985e-08 2.9999999999999999e-07
-2.1650635094610972e-08 -2.4999999999999999e-08 0.0000000000000000e+00 4.3301270189221931e-08 4.9999999999999985e-08 2.9999999999999999e-07
2.1650635094610946e-08 -2.4999999999999999e-08 0.0000000000000000e+00 4.3301270189221931e-08 4.9999999999999985e-08 2.9999999999999999e-07
6.4951905283832890e-08 -2.4999999999999999e-08 0.0000000000000000e+00 4.3301270189221931e-08 4.9999999999999985e-08 2.9999999999999999e-07
1.0825317547305483e-07 -2.4999999999999999e-08 0.0000000000000000e+00 4.3301270189221931e-08 4.9999999999999985e-08 2.9999999999999999e-07
1.5155444566227673e-07 -2.4999999999999999e-08 0.0000000000000000e+00 4.3301270189221931e-08 4.9999999999999985e-08 2.9999999999999999e-07
1.9485571585149867e-07 -2.4999999999999999e-08 0.0000000000000000e+00 4.3301270189221931e-08 4.9999999999999985e-08 2.9999999999999999e-07
-1.9485571585149870e-07 2.4999999999999972e-08 0.0000000000000000e+00 4.3301270189221931e-08 4.9999999999999985e-08 2.9999999999999999e-07
-1.5155444566227678e-07 2.4999999999999972e-08 0.0000000000000000e+00 4.3301270189221931e-08 4.9999999999999985e-08 2.9999999999999999e-07
-1.0825317547305483e-07 2.4999999999999972e-08 0.0000000000000000e+00 4.3301270189221931e-08 4.9999999999999985e-08 2.9999999999999999e-07
-6.4951905283832917e-08 2.4999999999999972e-08 0.0000000000000000e+00 4.3301270189221931e-08 4.9999999999999985e-08 2.9999999999999999e-07
-2.1650635094610972e-08 2.4999999999999972e-08 0.0000000000000000e+00 4.3301270189221931e-08 4.9999999999999985e-08 2.9999999999999999e-07
2.1650635094610946e-08 2.4999999999999972e-08 0.0000000000000000e+00 4.3301270189221931e-08 4.9999999999999985e-08 2.9999999999999999e-07
6.4951905283832890e-08 2.4999999999999972e-08 0.0000000000000000e+00 4.3301270189221931e-08 4.9999999999999985e-08 2.9999999999999999e-07
1.0825317547305483e-07 2.4999999999999972e-08 0.0000000000000000e+00 4.3301270189221931e-08 4.9999999999999985e-08 2.9999999999999999e-07
1.5155444566227673e-07 2.4999999999999972e-08 0.0000000000000000e+00 4.3301270189221931e-08 4.9999999999999985e-08 2.9999999999999999e-07
1.9485571585149867e-07 2.4999999999999972e-08 0.0000000000000000e+00 4.3301270189221931e-08 4.9999999999999985e-08 2.9999999999999999e-07
-1.9485571585149870e-07 7.4999999999999970e-08 0.0000000000000000e+00 4.3301270189221931e-08 4.9999999999999985e-08 2.9999999999999999e-07
-1.5155444566227678e-07 7.4999999999999970e-08 0.0000000000000000e+00 4.3301270189221931e-08 4.9999999999999985e-08 2.9999999999999999e-07
-1.0825317547305483e-07 7.4999999999999970e-08 0.0000000000000000e+00 4.3301270189221931e-08 4.9999999999999985e-08 2.9999999999999999e-07
-6.4951905283832917e-08 7.4999999999999970e-08 0.0000000000000000e+00 4.3301270189221931e-08 4.9999999999999985e-08 2.9999999999999999e-07
-2.1650635094610972e-08 7.4999999999999970e-08 0.0000000000000000e+00 4.3301270189221931e-08 4.9999999999999985e-08 2.9999999999999999e-07
2.1650635094610946e-08 7.4999999999999970e-08 0.0000000000000000e+00 4.3301270189221931e-08 4.9999999999999985e-08 2.9999999999999999e-07
6.4951905283832890e-08 7.4999999999999970e-08 0.0000000000000000e+00 4.3301270189221931e-08 4.9999999999999985e-08 2.9999999999999999e-07
1.0825317547305483e-07 7.4999999999999970e-08 0.0000000000000000e+00 4.3301270189221931e-08 4.9999999999999985e-08 2.9999999999999999e-07
1.5155444566227673e-07 7.4999999999999970e-08 0.0000000000000000e+00 4.3301270189221931e-08 4.9999999999999985e-08 2.9999999999999999e-07
1.9485571585149867e-07 7.4999999999999970e-08 0.0000000000000000e+00 4.3301270189221931e-08 4.9999999999999985e-08 2.9999999999999999e-07
-1.9485571585149870e-07 1.2499999999999997e-07 0.0000000000000000e+00 4.3301270189221931e-08 4.9999999999999985e-08 2.9999999999999999e-07
-1.5155444566227678e-07 1.2499999999999997e-07 0.0000000000000000e+00 4.3301270189221931e-08 4.9999999999999985e-08 2.9999999999999999e-07
-1.0825317547305483e-07 1.2499999999999997e-07 0.0000000000000000e+00 4.3301270189221931e-08 4.9999999999999985e-08 2.9999999999999999e-07
-6.4951905283832917e-08 1.2499999999999997e-07 0.0000000000000000e+00 4.3301270189221931e-08 4.9999999999999985e-08 2.9999999999999999e-07
-2.1650635094610972e-08 1.2499999999999997e-07 0.0000000000000000e+00 4.3301270189221931e-08 4.9999999999999985e-08 2.9999999999999999e-07
2.1650635094610946e-08 1.2499999999999997e-07 0.0000000000000000e+00 4.3301270189221931e-08 4.9999999999999985e-08 2.9999999999999999e-07
6.4951905283832890e-08 1.2499999999999997e-07 0.0000000000000000e+00 4.3301270189221931e-08 4.9999999999999985e-08 2.9999999999999999e-07
1.0825317547305483e-07 1.2499999999999997e-07 0.0000000000000000e+00 4.3301270189221931e-08 4.9999999999999985e-08 2.9999999999999999e-07
1.5155444566227673e-07 1.2499999999999997e-07 0.0000000000000000e+00 4.3301270189221931e-08 4.9999999999999985e-08 2.9999999999999999e-07
1.9485571585149867e-07 1.2499999999999997e-07 0.0000000000000000e+00 4.3301270189221931e-08 4.9999999999999985e-08 2.9999999999999999e-07
-1.0825317547305483e-07 1.7499999999999991e-07 0.0000000000000000e+00 4.3301270189221931e-08 4.9999999999999985e-08 2.9999999999999999e-07
-6.4951905283832917e-08 1.7499999999999991e-07 0.0000000000000000e+00 4.3301270189221931e-08 4.9999999999999985e-08 2.9999999999999999e-07
-2.1650635094610972e-08 1.7499999999999991e-07 0.0000000000000000e+00 4.3301270189221931e-08 4.9999999999999985e-08 2.9999999999999999e-07
2.1650635094610946e-08 1.7499999999999991e-07 0.0000000000000000e+00 4.3301270189221931e-08 4.9999999999999985e-08 2.9999999999999999e-07
6.4951905283832890e-08 1.7499999999999991e-07 0.0000000000000000e+00 4.3301270189221931e-08 4.9999999999999985e-08 2.9999999999999999e-07
1.0825317547305483e-07 1.7499999999999991e-07 0.0000000000000000e+00 4.3301270189221931e-08 4.9999999999999985e-08 2.9999999999999999e-07
-2.1650635094610972e-08 2.2499999999999991e-07 0.0000000000000000e+00 4.3301270189221931e-08 4.9999999999999985e-08 2.9999999999999999e-07
2.1650635094610946e-08 2.2499999999999991e-07 0.0000000000000000e+00 4.3301270189221931e-08 4.9999999999999985e-08 2.9999999999999999e-07
-2.1650635094610972e-08 -2.2499999999999994e-07 2.9999999999999988e-07 4.3301270189221931e-08 4.9999999999999985e-08 2.9999999999999999e-07
2.1650635094610946e-08 -2.2499999999999994e-07 2.9999999999999988e-07 4.3301270189221931e-08 4.9999999999999985e-08 2.9999999999999999e-07
-1.0825317547305483e-07 -1.7499999999999997e-07 2.9999999999999988e-07 4.3301270189221931e-08 4.9999999999999985e-08 2.9999999999999999e-07
-6.4951905283832917e-08 -1.7499999999999997e-07 2.9999999999999988e-07 4.3301270189221931e-08 4.9999999999999985e-08 2.9999999999999999e-07
-2.1650635094610972e-08 -1.7499999999999997e-07 2.9999999999999988e-07 4.3301270189221931e-08 4.9999999999999985e-08 2.9999999999999999e-07
2.1650635094610946e-08 -1.7499999999999997e-07 2.9999999999999988e-07 4.3301270189221931e-08 4.9999999999999985e-08 2.9999999999999999e-07
6.4951905283832890e-08 -1.7499999999999997e-07 2.9999999999999988e-07 4.3301270189221931e-08 4.9999999999999985e-08 2.9999999999999999e-07
1.0825317547305483e-07 -1.7499999999999997e-07 2.9999999999999988e-07 4.3301270189221931e-08 4.9999999999999985e-08 2.9999999999999999e-07
-1.9485571585149870e-07 -1.2499999999999997e-07 2.9999999999999988e-07 4.3301270189221931e-08 4.9999999999999985e-08 2.9999999999999999e-07
-1.5155444566227678e-07 -1.2499999999999997e-07 2.9999999999999988e-07 4.3301270189221931e-08 4.9999999999999985e-08 2.9999999999999999e-07
-1.0825317547305483e-07 -1.2499999999999997e-07 2.9999999999999988e-07 4.3301270189221931e-08 4.9999999999999985e-08 2.9999999999999999e-07
-6.4951905283832917e-08 -1.2499999999999997e-07 2.9999999999999988e-07 4.3301270189221931e-08 4.9999999999999985e-08 2.9999999999999999e-07
-2.1650635094610972e-08 -1.2499999999999997e-07 2.9999999999999988e-07 4.3301270189221931e-08 4.9999999999999985e-08 2.9999999999999999e-07
2.1650635094610946e-08 -1.2499999999999997e-07 2.9999999999999988e-07 4.3301270189221931e-08 4.9999999999999985e-08 2.9999999999999999e-07
6.4951905283832890e-08 -1.2499999999999997e-07 2.9999999999999988e-07 4.3301270189221931e-08 4.9999999999999985e-08 2.9999999999999999e-07
1.0825317547305483e-07 -1.2499999999999997e-07 2.9999999999999988e-07 4.3301270189221931e-08 4.9999999999999985e-08 2.9999999999999999e-07
1.5155444566227673e-07 -1.2499999999999997e-07 2.9999999999999988e-07 4.3301270189221931e-08 4.9999999999999985e-08 2.9999999999999999e-07
1.9485571585149867e-07 -1.2499999999999997e-07 2.9999999999999988e-07 4.3301270189221931e-08 4.9999999999999985e-08 2.9999999999999999e-07
-1.9485571585149870e-07 -7.4999999999999997e-08 2.9999999999999988e-07 4.3301270189221931e-08 4.9999999999999985e-08 2.9999999999999999e-07
-1.5155444566227678e-07 -7.4999999999999997e-08 2.9999999999999988e-07 4.3301270189221931e-08 4.9999999999999985e-08 2.9999999999999999e-07
-1.0825317547305483e-07 -7.4999999999999997e-08 2.9999999999999988e-07 4.3301270189221931e-08 4.9999999999999985e-08 2.9999999999999999e-07
-6.4951905283832917e-08 -7.4999999999999997e-08 2.9999999999999988e-07 4.3301270189221931e-08 4.9999999999999985e-08 2.9999999999999999e-07
-2.1650635094610972e-08 -7.4999999999999997e-08 2.9999999999999988e-07 4.3301270189221931e-08 4.9999999999999985e-08 2.9999999999999999e-07
2.1650635094610946e-08 -7.4999999999999997e-08 2.9999999999999988e-07 4.3301270189221931e-08 4.9999999999999985e-08 2.9999999999999999e-07
6.4951905283832890e-08 -7.4999999999999997e-08 2.9999999999999988e-07 4.3301270189221931e-08 4.9999999999999985e-08 2.9999999999999999e-07
1.0825317547305483e-07 -7.4999999999999997e-08 2.9999999999999988e-07 4.3301270189221931e-08 4.9999999999999985e-08 2.9999999999999999e-07
1.5155444566227673e-07 -7.4999999999999997e-08 2.9999999999999988e-07 4.3301270189221931e-08 4.9999999999999985e-08 2.9999999999999999e-07
1.9485571585149867e-07 -7.4999999999999997e-08 2.9999999999999988e-07 4.3301270189221931e-08 4.9999999999999985e-08 2.9999999999999999e-07
-1.9485571585149870e-07 -2.4999999999999999e-08 2.9999999999999988e-07 4.3301270189221931e-08 4.9999999999999985e-08 2.9999999999999999e-07
-1.5155444566227678e-07 -2.4999999999999999e-08 2.9999999999999988e-07 4.3301270189221931e-08 4.9999999999999985e-08 2.9999999999999999e-07
-1.0825317547305483e-07 -2.4999999999999999e-08 2.9999999999999988e-07 4.3301270189221931e-08 4.9999999999999985e-08 2.9999999999999999e-07
-6.4951905283832917e-08 -2.4999999999999999e-08 2.9999999999999988e-07 4.3301270189221931e-08 4.9999999999999985e-08 2.9999999999999999e-07
-2.1650635094610972e-08 -2.4999999999999999e-08 2.9999999999999988e-07 4.3301270189221931e-08 4.9999999999999985e-08 2.9999999999999999e-07
2.1650635094610946e-08 -2.4999999999999999e-08 2.9999999999999988e-07 4.3301270189221931e-08 4.9999999999999985e-08 2.9999999999999999e-07
6.4951905283832890e-08 -2.4999999999999999e-08 2.9999999999999988e-07 4.3301270189221931e-08 4.9999999999999985e-08 2.9999999999999999e-07
1.0825317547305483e-07 -2.4999999999999999e-08 2.9999999999999988e-07 4.3301270189221931e-08 4.9999999999999985e-08 2.9999999999999999e-07
1.5155444566227673e-07 -2.4999999999999999e-08 2.9999999999999988e-07 4.3301270189221931e-08 4.9999999999999985e-08 2.9999999999999999e-07
1.9485571585149867e-07 -2.4999999999999999e-08 2.9999999999999988e-07 4.3301270189221931e-08 4.9999999999999985e-08 2.9999999999999999e-07
-1.9485571585149870e-07 2.4999999999999972e-08 2.9999999999999988e-07 4.3301270189221931e-08 4.9999999999999985e-08 2.9999999999999999e-07
-1.5155444566227678e-07 2.4999999999999972e-08 2.9999999999999988e-07 4.3301270189221931e-08 4.9999999999999985e-08 2.9999999999999999e-07
-1.0825317547305483e-07 2.4999999999999972e-08 2.9999999999999988e-07 4.3301270189221931e-08 4.9999999999999985e-08 2.9999999999999999e-07
-6.4951905283832917e-08 2.4999999999999972e-08 2.9999999999999988e-07 4.3301270189221931e-08 4.9999999999999985e-08 2.9999999999999999e-07
-2.1650635094610972e-08 2.4999999999999972e-08 2.9999999999999988e-07 4.3301270189221931e-08 4.9999999999999985e-08 2.9999999999999999e-07
2.1650635094610946e-08 2.4999999999999972e-08 2.9999999999999988e-07 4.3301270189221931e-08 4.9999999999999985e-08 2.9999999999999999e-07
6.4951905283832890e-08 2.4999999999999972e-08 2.9999999999999988e-07 4.3301270189221931e-08 4.9999999999999985e-08 2.9999999999999999e-07
1.0825317547305483e-07 2.4999999999999972e-08 2.9999999999999988e-07 4.3301270189221931e-08 4.9999999999999985e-08 2.9999999999999999e-07
1.5155444566227673e-07 2.4999999999999972e-08 2.9999999999999988e-07 4.3301270189221931e-08 4.9999999999999985e-08 2.9999999999999999e-07
1.9485571585149867e-07 2.4999999999999972e-08 2.9999999999999988e-07 4.3301270189221931e-08 4.9999999999999985e-08 2.9999999999999999e-07
-1.9485571585149870e-07 7.4999999999999970e-08 2.9999999999999988e-07 4.3301270189221931e-08 4.9999999999999985e-08 2.9999999999999999e-07
-1.5155444566227678e-07 7.4999999999999970e-08 2.9999999999999988e-07 4.3301270189221931e-08 4.9999999999999985e-08 2.9999999999999999e-07
-1.0825317547305483e-07 7.4999999999999970e-08 2.9999999999999988e-07 4.3301270189221931e-08 4.9999999999999985e-08 2.9999999999999999e-07
-6.4951905283832917e-08 7.4999999999999970e-08 2.9999999999999988e-07 4.3301270189221931e-08 4.9999999999999985e-08 2.9999999999999999e-07
-2.1650635094610972e-08 7.4999999999999970e-08 2.9999999999999988e-07 4.3301270189221931e-08 4.9999999999999985e-08 2.9999999999999999e-07
2.1650635094610946e-08 7.4999999999999970e-08 2.9999999999999988e-07 4.3301270189221931e-08 4.9999999999999985e-08 2.9999999999999999e-07
6.4951905283832890e-08 7.4999999999999970e-08 2.9999999999999988e-07 4.3301270189221931e-08 4.9999999999999985e-08 2.9999999999999999e-07
1.0825317547305483e-07 7.4999999999999970e-08 2.9999999999999988e-07 4.3301270189221931e-08 4.9999999999999985e-08 2.9999999999999999e-07
1.5155444566227673e-07 7.4999999999999970e-08 2.9999999999999988e-07 4.3301270189221931e-08 4.9999999999999985e-08 2.9999999999999999e-07
1.9485571585149867e-07 7.4999999999999970e-08 2.9999999999999988e-07 4.3301270189221931e-08 4.9999999999999985e-08 2.9999999999999999e-07
-1.9485571585149870e-07 1.2499999999999997e-07 2.9999999999999988e-07 4.3301270189221931e-08 4.9999999999999985e-08 2.9999999999999999e-07
-1.5155444566227678e-07 1.2499999999999997e-07 2.9999999999999988e-07 4.3301270189221931e-08 4.9999999999999985e-08 2.9999999999999999e-07
-1.0825317547305483e-07 1.2499999999999997e-07 2.9999999999999988e-07 4.3301270189221931e-08 4.9999999999999985e-08 2.9999999999999999e-07
-6.4951905283832917e-08 1.2499999999999997e-07 2.9999999999999988e-07 4.3301270189221931e-08 4.9999999999999985e-08 2.9999999999999999e-07
-2.1650635094610972e-08 1.2499999999999997e-07 2.9999999999999988e-07 4.3301270189221931e-08 4.9999999999999985e-08 2.9999999999999999e-07
2.1650635094610946e-08 1.2499999999999997e-07 2.9999999999999988e-07 4.3301270189221931e-08 4.9999999999999985e-08 2.9999999999999999e-07
6.4951905283832890e-08 1.2499999999999997e-07 2.9999999999999988e-07 4.3301270189221931e-08 4.9999999999999985e-08 2.9999999999999999e-07
1.0825317547305483e-07 1.2499999999999997e-07 2.9999999999999988e-07 4.3301270189221931e-08 4.9999999999999985e-08 2.9999999999999999e-07
1.5155444566227673e-07 1.2499999999999997e-07 2.9999999999999988e-07 4.3301270189221931e-08 4.9999999999999985e-08 2.9999999999999999e-07
1.9485571585149867e-07 1.2499999999999997e-07 2.9999999999999988e-07 4.3301270189221931e-08 4.9999999999999985e-08 2.9999999999999999e-07
-1.0825317547305483e-07 1.7499999999999991e-07 2.9999999999999988e-07 4.3301270189221931e-08 4.9999999999999985e-08 2.9999999999999999e-07
-6.4951905283832917e-08 1.7499999999999991e-07 2.9999999999999988e-07 4.3301270189221931e-08 4.9999999999999985e-08 2.9999999999999999e-07
-2.1650635094610972e-08 1.7499999999999991e-07 2.9999999999999988e-07 4.3301270189221931e-08 4.9999999999999985e-08 2.9999999999999999e-07
2.1650635094610946e-08 1.7499999999999991e-07 2.9999999999999988e-07 4.3301270189221931e-08 4.9999999999999985e-08 2.9999999999999999e-07
6.4951905283832890e-08 1.7499999999999991e-07 2.9999999999999988e-07 4.3301270189221931e-08 4.9999999999999985e-08 2.9999999999999999e-07
1.0825317547305483e-07 1.7499999999999991e-07 2.9999999999999988e-07 4.3301270189221931e-08 4.9999999999999985e-08 2.9999999999999999e-07
-2.1650635094610972e-08 2.2499999999999991e-07 2.9999999999999988e-07 4.3301270189221931e-08 4.9999999999999985e-08 2.9999999999999999e-07
2.1650635094610946e-08 2.2499999999999991e-07 2.9999999999999988e-07 4.3301270189221931e-08 4.9999999999999985e-08 2.9999999999999999e-07
-2.1650635094610972e-08 -2.2499999999999994e-07 5.9999999999999997e-07 4.3301270189221931e-08 4.9999999999999985e-08 2.9999999999999999e-07
2.1650635094610946e-08 -2.2499999999999994e-07 5.9999999999999997e-07 4.3301270189221931e-08 4.9999999999999985e-08 2.9999999999999999e-07
-1.0825317547305483e-07 -1.7499999999999997e-07 5.9999999999999997e-07 4.3301270189221931e-08 4.9999999999999985e-08 2.9999999999999999e-07
-6.4951905283832917e-08 -1.7499999999999997e-07 5.9999999999999997e-07 4.3301270189221931e-08 4.9999999999999985e-08 2.9999999999999999e-07
-2.1650635094610972e-08 -1.7499999999999997e-07 5.9999999999999997e-07 4.3301270189221931e-08 4.9999999999999985e-08 2.9999999999999999e-07
2.1650635094610946e-08 -1.7499999999999997e-07 5.9999999999999997e-07 4.3301270189221931e-08 4.9999999999999985e-08 2.9999999999999999e-07
6.4951905283832890e-08 -1.7499999999999997e-07 5.9999999999999997e-07 4.3301270189221931e-08 4.9999999999999985e-08 2.9999999999999999e-07
1.0825317547305483e-07 -1.7499999999999997e-07 5.9999999999999997e-07 4.3301270189221931e-08 4.9999999999999985e-08 2.9999999999999999e-07
-1.9485571585149870e-07 -1.2499999999999997e-07 5.9999999999999997e-07 4.3301270189221931e-08 4.9999999999999985e-08 2.9999999999999999e-07
-1.5155444566227678e-07 -1.2499999999999997e-07 5.9999999999999997e-07 4.3301270189221931e-08 4.9999999999999985e-08 2.9999999999999999e-07
-1.0825317547305483e-07 -1.2499999999999997e-07 5.9999999999999997e-07 4.3301270189221931e-08 4.9999999999999985e-08 2.9999999999999999e-07
-6.4951905283832917e-08 -1.2499999999999997e-07 5.9999999999999997e-07 4.3301270189221931e-08 4.9999999999999985e-08 2.9999999999999999e-07
-2.1650635094610972e-08 -1.2499999999999997e-07 5.9999999999999997e-07 4.3301270189221931e-08 4.9999999999999985e-08 2.9999999999999999e-07
2.1650635094610946e-08 -1.2499999999999997e-07 5.9999999999999997e-07 4.3301270189221931e-08 4.9999999999999985e-08 2.9999999999999999e-07
6.4951905283832890e-08 -1.2499999999999997e-07 5.9999999999999997e-07 4.3301270189221931e-08 4.9999999999999985e-08 2.9999999999999999e-07
1.0825317547305483e-07 -1.2499999999999997e-07 5.9999999999999997e-07 4.3301270189221931e-08 4.9999999999999985e-08 2.9999999999999999e-07
1.5155444566227673e-07 -1.2499999999999997e-07 5.9999999999999997e-07 4.3301270189221931e-08 4.9999999999999985e-08 2.9999999999999999e-07
1.9485571585149867e-07 -1.2499999999999997e-07 5.9999999999999997e-07 4.3301270189221931e-08 4.9999999999999985e-08 2.9999999999999999e-07
-1.9485571585149870e-07 -7.4999999999999997e-08 5.9999999999999997e-07 4.3301270189221931e-08 4.9999999999999985e-08 2.9999999999999999e-07
-1.5155444566227678e-07 -7.4999999999999997e-08 5.9999999999999997e-07 4.3301270189221931e-08 4.9999999999999985e-08 2.9999999999999999e-07
-1.0825317547305483e-07 -7.4999999999999997e-08 5.9999999999999997e-07 4.3301270189221931e-08 4.9999999999999985e-08 2.9999999999999999e-07
-6.4951905283832917e-08 -7.4999999999999997e-08 5.9999999999999997e-07 4.3301270189221931e-08 4.9999999999999985e-08 2.9999999999999999e-07
-2.1650635094610972e-08 -7.4999999999999997e-08 5.9999999999999997e-07 4.3301270189221931e-08 4.9999999999999985e-08 2.9999999999999999e-07
2.1650635094610946e-08 -7.4999999999999997e-08 5.9999999999999997e-07 4.3301270189221931e-08 4.9999999999999985e-08 2.9999999999999999e-07
6.4951905283832890e-08 -7.4999999999999997e-08 5.9999999999999997e-07 4.3301270189221931e-08 4.9999999999999985e-08 2.9999999999999999e-07
1.0825317547305483e-07 -7.4999999999999997e-08 5.9999999999999997e-07 4.3301270189221931e-08 4.9999999999999985e-08 2.9999999999999999e-07
1.5155444566227673e-07 -7.4999999999999997e-08 5.9999999999999997e-07 4.3301270189221931e-08 4.9999999999999985e-08 2.9999999999999999e-07
1.9485571585149867e-07 -7.4999999999999997e-08 5.9999999999999997e-07 4.3301270189221931e-08 4.9999999999999985e-08 2.9999999999999999e-07
-1.9485571585149870e-07 -2.4999999999999999e-08 5.9999999999999997e-07 4.3301270189221931e-08 4.9999999999999985e-08 2.9999999999999999e-07
-1.5155444566227678e-07 -2.4999999999999999e-08 5.9999999999999997e-07 4.3301270189221931e-08 4.9999999999999985e-08 2.9999999999999999e-07
-1.0825317547305483e-07 -2.4999999999999999e-08 5.9999999999999997e-07 4.3301270189221931e-08 4.9999999999999985e-08 2.9999999999999999e-07
-6.4951905283832917e-08 -2.4999999999999999e-08 5.9999999999999997e-07 4.3301270189221931e-08 4.9999999999999985e-08 2.9999999999999999e-07
-2.1650635094610972e-08 -2.4999999999999999e-08 5.9999999999999997e-07 4.3301270189221931e-08 4.9999999999999985e-08 2.9999999999999999e-07
2.1650635094610946e-08 -2.4999999999999999e-08 5.9999999999999997e-07 4.3301270189221931e-08 4.9999999999999985e-08 2.9999999999999999e-07
6.4951905283832890e-08 -2.4999999999999999e-08 5.9999999999999997e-07 4.3301270189221931e-08 4.9999999999999985e-08 2.9999999999999999e-07
1.0825317547305483e-07 -2.4999999999999999e-08 5.9999999999999997e-07 4.3301270189221931e-08 4.9999999999999985e-08 2.9999999999999999e-07
1.5155444566227673e-07 -2.4999999999999999e-08 5.9999999999999997e-07 4.3301270189221931e-08 4.9999999999999985e-08 2.9999999999999999e-07
1.9485571585149867e-07 -2.4999999999999999e-08 5.9999999999999997e-07 4.3301270189221931e-08 4.9999999999999985e-08 2.9999999999999999e-07
-1.9485571585149870e-07 2.4999999999999972e-08 5.9999999999999997e-07 4.3301270189221931e-08 4.9999999999999985e-08 2.9999999999999999e-07
-1.5155444566227678e-07 2.4999999999999972e-08 5.9999999999999997e-07 4.3301270189221931e-08 4.9999999999999985e-08 2.9999999999999999e-07
-1.0825317547305483e-07 2.4999999999999972e-08 5.9999999999999997e-07 4.3301270189221931e-08 4.9999999999999985e-08 2.9999999999999999e-07
-6.4951905283832917e-08 2.4999999999999972e-08 5.9999999999999997e-07 4.3301270189221931e-08 4.9999999999999985e-08 2.9999999999999999e-07
-2.1650635094610972e-08 2.4999999999999972e-08 5.9999999999999997e-07 4.3301270189221931e-08 4.9999999999999985e-08 2.9999999999999999e-07
2.1650635094610946e-08 2.4999999999999972e-08 5.9999999999999997e-07 4.3301270189221931e-08 4.9999999999999985e-08 2.9999999999999999e-07
6.4951905283832890e-08 2.4999999999999972e-08 5.9999999999999997e-07 4.3301270189221931e-08 4.9999999999999985e-08 2.9999999999999999e-07
1.0825317547305483e-07 2.4999999999999972e-08 5.9999999999999997e-07 4.3301270189221931e-08 4.9999999999999985e-08 2.9999999999999999e-07
1.5155444566227673e-07 2.4999999999999972e-08 5.9999999999999997e-07 4.3301270189221931e-08 4.9999999999999985e-08 2.9999999999999999e-07
1.9485571585149867e-07 2.4999999999999972e-08 5.9999999999999997e-07 4.3301270189221931e-08 4.9999999999999985e-08 2.9999999999999999e-07
-1.9485571585149870e-07 7.4999999999999970e-08 5.9999999999999997e-07 4.3301270189221931e-08 4.9999999999999985e-08 2.9999999999999999e-07
-1.5155444566227678e-07 7.4999999999999970e-08 5.9999999999999997e-07 4.3301270189221931e-08 4.9999999999999985e-08 2.9999999999999999e-07
-1.0825317547305483e-07 7.4999999999999970e-08 5.9999999999999997e-07 4.3301270189221931e-08 4.9999999999999985e-08 2.9999999999999999e-07
-6.4951905283832917e-08 7.4999999999999970e-08 5.9999999999999997e-07 4.3301270189221931e-08 4.9999999999999985e-08 2.9999999999999999e-07
-2.1650635094610972e-08 7.4999999999999970e-08 5.9999999999999997e-07 4.3301270189221931e-08 4.9999999999999985e-08 2.9999999999999999e-07
2.1650635094610946e-08 7.4999999999999970e-08 5.9999999999999997e-07 4.3301270189221931e-08 4.9999999999999985e-08 2.9999999999999999e-07
6.4951905283832890e-08 7.4999999999999970e-08 5.9999999999999997e-07 4.3301270189221931e-08 4.9999999999999985e-08 2.9999999999999999e-07
1.0825317547305483e-07 7.4999999999999970e-08 5.9999999999999997e-07 4.3301270189221931e-08 4.9999999999999985e-08 2.9999999999999999e-07
1.5155444566227673e-07 7.4999999999999970e-08 5.9999999999999997e-07 4.3301270189221931e-08 4.9999999999999985e-08 2.9999999999999999e-07
1.9485571585149867e-07 7.4999999999999970e-08 5.9999999999999997e-07 4.3301270189221931e-08 4.9999999999999985e-08 2.9999999999999999e-07
-1.9485571585149870e-07 1.2499999999999997e-07 5.9999999999999997e-07 4.3301270189221931e-08 4.9999999999999985e-08 2.9999999999999999e-07
-1.5155444566227678e-07 1.2499999999999997e-07 5.9999999999999997e-07 4.3301270189221931e-08 4.9999999999999985e-08 2.9999999999999999e-07
-1.0825317547305483e-07 1.2499999999999997e-07 5.9999999999999997e-07 4.3301270189221931e-08 4.9999999999999985e-08 2.9999999999999999e-07
-6.4951905283832917e-08 1.2499999999999997e-07 5.9999999999999997e-07 4.3301270189221931e-08 4.9999999999999985e-08 2.9999999999999999e-07
-2.1650635094610972e-08 1.2499999999999997e-07 5.9999999999999997e-07 4.3301270189221931e-08 4.9999999999999985e-08 2.9999999999999999e-07
2.1650635094610946e-08 1.2499999999999997e-07 5.9999999999999997e-07 4.3301270189221931e-08 4.9999999999999985e-08 2.9999999999999999e-07
6.4951905283832890e-08 1.2499999999999997e-07 5.9999999999999997e-07 4.3301270189221931e-08 4.9999999999999985e-08 2.9999999999999999e-07
1.0825317547305483e-07 1.2499999999999997e-07 5.9999999999999997e-07 4.3301270189221931e-08 4.9999999999999985e-08 2.9999999999999999e-07
1.5155444566227673e-07 1.2499999999999997e-07 5.9999999999999997e-07 4.3301270189221931e-08 4.9999999999999985e-08 2.9999999999999999e-07
1.9485571585149867e-07 1.2499999999999997e-07 5.9999999999999997e-07 4.3301270189221931e-08 4.9999999999999985e-08 2.9999999999999999e-07
-1.0825317547305483e-07 1.7499999999999991e-07 5.9999999999999997e-07 4.3301270189221931e-08 4.9999999999999985e-08 2.9999999999999999e-07
-6.4951905283832917e-08 1.7499999999999991e-07 5.9999999999999997e-07 4.3301270189221931e-08 4.9999999999999985e-08 2.9999999999999999e-07
-2.1650635094610972e-08 1.7499999999999991e-07 5.9999999999999997e-07 4.3301270189221931e-08 4.9999999999999985e-08 2.9999999999999999e-07
2.1650635094610946e-08 1.7499999999999991e-07 5.9999999999999997e-07 4.3301270189221931e-08 4.9999999999999985e-08 2.9999999999999999e-07
6.4951905283832890e-08 1.7499999999999991e-07 5.9999999999999997e-07 4.3301270189221931e-08 4.9999999999999985e-08 2.9999999999999999e-07
1.0825317547305483e-07 1.7499999999999991e-07 5.9999999999999997e-07 4.3301270189221931e-08 4.9999999999999985e-08 2.9999999999999999e-07
-2.1650635094610972e-08 2.2499999999999991e-07 5.9999999999999997e-07 4.3301270189221931e-08 4.9999999999999985e-08 2.9999999999999999e-07
2.1650635094610946e-08 2.2499999999999991e-07 5.9999999999999997e-07 4.3301270189221931e-08 4.9999999999999985e-08 2.9999999999999999e-07
