function [NIST_solutions Theory] = Define_NIST_solutions();

NIST_solutions(1).name = 'Streibl';
NIST_solutions(1).d_lex = [1 5 10 20 30];
NIST_solutions(1).Mrx = [0.999 0.999 0.998 0.973 0.963];
NIST_solutions(1).Mry = [0.029 0.006 0.020 0.081 0.078];
NIST_solutions(1).Mrz = [-0.004 0.000 0.000 0.000 0.000];
NIST_solutions(1).Hc  = [0.056 0.056 0.054 0.050 0.046];

NIST_solutions(2).name = 'McMichael';
NIST_solutions(2).d_lex = [3.16 10 14 17.8 23 27 31.6 35 40 56 75];
NIST_solutions(2).Mrx = [1.0000 0.9959 0.9783 0.9711 0.9657 0.9631 0.9609 0.9595 0.9577 0.9527 0.9478];
NIST_solutions(2).Mry = [0.0007 0.0376 0.0822 0.0851 0.0823 0.0792 0.0760 0.0739 0.0710 0.0638 0.0572];
NIST_solutions(2).Mrz = [0.0000 -0.0000 0.0000 0.0000 0.0000 0.0000 0.0000 0.0000 0.0000 0.0000 0.0003];
NIST_solutions(2).Hc  = [0.0600 0.0586 0.0558 0.0531 0.0503 0.0489 0.0517 0.0553 0.0532 0.0408 0.0200];

NIST_solutions(3).name = 'Lopez-Diaz';
NIST_solutions(3).d_lex = [0.8 1.0 2.0 3.0 4.0 5.0 6.0 7.0 8.0 9.0 10.0 11.0 12. 13.0 14.0 15.0 16.0 17.0 18.0 20.0];
NIST_solutions(3).Hc  = [0.0631 0.0612 0.0594 0.0596 0.0594 0.0592 0.0585 0.0583 0.0580 0.0576 0.0573 0.0568 0.0565 0.0560 0.0556 0.0549 0.0541 0.0534 0.0529 0.0518];
NIST_solutions(3).Mr111 = [0.5773740 0.5773501 0.5773470 0.5773384 0.5773172 0.5772781 0.5772195 0.5771367 0.5770244 0.5769020 0.5956421 0.6069226 0.6106740 0.6120005 0.6122172 0.6118625 0.6112075 0.6103936 0.6095005 0.6076426];
NIST_solutions(3).Mrx = [1.00000 1.00000 0.999996 0.999981 0.999942 0.999876 0.999777 0.999596 0.999439 0.999191 0.996272 0.989998 0.985207 0.981448 0.978436 0.975986 0.973947 NaN 0.970768 NaN];
NIST_solutions(3).Mry = [7.00000E-05 7.00000E-05 4.27499E-05 -1.24466E-07 4.14687E-05 3.95000E-05 -7.30804E-08 8.22480E-08 3.25319E-05 6.88017E-05 3.54161E-02 6.12417E-02 7.25276E-02 7.85834E-02 8.19699E-02 8.38084E-02 8.47102E-02 NaN 8.49321E-02 NaN];
		 	 
NIST_solutions(4).name = 'Donahue';
NIST_solutions(4).d_lex = [30 29 28 27 26 25 24 23 22 21 20 19 18 17 16 15 14 13 12 11 10 9 8 7 6 5 4 3 2 1 0.75 0.50 0.25 0.125];
NIST_solutions(4).cell_size_lex = [0.60 0.58 0.56 0.54 0.52 0.50 0.48 0.46 0.44 0.42 0.40 0.38 0.36 0.34 0.32 0.30 0.56 0.52 0.48 0.44 0.40 0.45 0.40 0.35 0.30 0.25 0.20 0.15 0.10 0.05 0.15 0.10 0.05 0.03];
NIST_solutions(4).Hc  = [0.04594 0.04630 0.04666 0.04704 0.04740 0.04779 0.04817 0.04859 0.04903 0.04947 0.04991 0.05041 0.05090 0.05145 0.05200 0.05258 0.05309 0.05352 0.05389 0.05423 0.05454 0.05480 0.05515 0.05546 0.05579 0.05612 0.05646 0.05674 0.05694 0.05704 0.05705 0.05706 0.05707 0.05707];
NIST_solutions(4).Hs  = [0.04594	0.04630	0.04666	0.04704	0.04740	0.04779	0.04817	0.04859	0.04903	0.04947	0.04991	0.05041	0.05090	0.05145	0.05200	0.05261	0.05324	0.05388	0.05449	0.05506	0.05562	0.05614	0.05661	0.05702	0.05730	0.05741	0.05735	0.05724	0.05716	0.05716	0.05713	0.05713 0.05713 0.05713];	
NIST_solutions(4).Mrx = [0.9627 0.9632 0.9638 0.9644 0.9650 0.9657 0.9664 0.9672 0.9680 0.9690 0.9701 0.9713 0.9727 0.9743 0.9762 0.9784 0.9812 0.9845 0.9886 0.9938 0.9989 0.9992 0.9995 0.9996 0.9998 0.9999 0.9999 1.0000 1.0000 1.0000 1.0000 1.0000 1.0000 1.0000];
NIST_solutions(4).Mry = [0.0756 0.0763 0.0769 0.0776 0.0783 0.0790 0.0797 0.0803 0.0809 0.0814 0.0819 0.0822 0.0822 0.0819 0.0811 0.0795 0.0765 0.0716 0.0631 0.0463 0.0000 0.0000 0.0000 0.0000 0.0000 0.0000 0.0000 0.0000 0.0000 0.0000 0.0000 0.0000 0.0000 0.0000];

Theory.d_lex = 0;
Theory.Hc = 0.05707;
Theory.Hs = 0.05714;
Theory.Mrx = 1.0000;
Theory.Mry = 0.0000;

end
